"","Spectral_Clustering","genie","hclust-single ","hclust-complete","hclust-average","hclust-mcquitty","hclust-ward.D","hclust-ward.D2","hclust-centorid","hclust-median","PAM"
"1",0,0,0,0,0,0,0,0,0,0,0
"atom.data.gz",0.713,1,1,0.647,0.646,0.661,1,0.646,0.687,0.702,0.545
"chainlink.data.gz",1,1,1,0.689,0.677,0.721,0.718,0.679,0.659,0.682,0.543
"engytime.data.gz",0.691,0.906,0.707,0.654,0.65,0.659,0.877,0.86,0.702,0.654,0.908
"hepta.data.gz",0.742,1,1,1,1,1,1,1,1,1,1
"lsun.data.gz",0.715,1,1,0.627,0.604,0.574,0.603,0.605,0.833,0.669,0.82
"target.data.gz",0.474,0.649,1,0.663,0.658,0.684,0.795,0.795,0.667,0.672,0.82
"tetra.data.gz",1,1,0.494,0.99,0.995,1,1,0.975,0.975,0.786,1
"twodiamonds.data.gz",0.726,0.988,0.706,0.983,0.997,0.997,1,1,0.997,0.827,1
"wingnut.data.gz",0.515,1,1,1,1,1,1,0.8,1,0.784,0.878
"dense.data.gz",0.7,0.98,0.695,0.671,0.96,0.683,1,0.96,0.96,0.96,0.923
"fuzzyx.data.gz",0.539,0.524,0.447,0.73,0.795,0.701,0.758,0.713,0.496,0.663,0.87
"line.data.gz",1,1,1,0.606,0.603,0.597,0.603,0.643,0.603,0.609,0.506
"parabolic.data.gz",0.818,0.907,0.706,0.796,0.799,0.803,0.701,0.811,0.758,0.845,0.793
"ring.data.gz",0.672,1,1,0.66,0.647,0.651,0.65,0.647,0.66,0.655,0.568
"zigzag.data.gz",0.779,1,1,0.504,0.509,0.497,0.497,0.497,0.528,0.491,0.603
"iris.data.gz",0.832,0.923,0.764,0.769,0.841,0.832,0.841,0.822,0.764,0.831,0.88
"iris5.data.gz",0.8,0.764,0.691,0.665,0.765,0.753,0.765,0.738,0.691,0.75,0.664
"square.data.gz",0.674,1,1,0.652,0.65,0.663,0.519,0.671,0.655,0.662,0.503
"a1.data.gz",0.628,0.905,0.564,0.92,0.929,0.815,0.924,0.918,0.877,0.694,0.997
"a2.data.gz",0.506,0.925,0.48,0.911,0.936,0.861,0.934,0.924,0.83,0.652,0.998
"a3.data.gz",0.575,0.94,0.449,0.919,0.945,0.853,0.948,0.939,0.853,0.661,0.999
"aggregation.data.gz",0.699,0.657,0.861,0.824,1,0.75,0.841,0.856,0.981,0.961,0.93
"compound.data.gz",0.711,0.649,0.83,0.855,0.862,0.87,0.658,0.653,0.861,0.833,0.829
"d31.data.gz",0.491,0.903,0.349,0.926,0.91,0.784,0.919,0.923,0.851,0.635,0.997
"flame.data.gz",0.977,1,0.73,0.623,0.731,0.715,0.696,0.624,0.73,0.724,0.744
"jain.data.gz",0.587,1,0.804,0.922,0.922,0.79,0.79,0.79,0.918,0.841,0.63
"pathbased.data.gz",0.676,0.751,0.573,0.595,0.653,0.58,0.648,0.674,0.648,0.502,0.746
"r15.data.gz",0.603,0.987,0.637,0.98,0.99,0.977,0.983,0.983,0.983,0.8,0.999
"s1.data.gz",0.738,0.989,0.589,0.973,0.983,0.819,0.982,0.984,0.982,0.68,0.998
"s2.data.gz",0.774,0.921,0.257,0.807,0.918,0.703,0.906,0.912,0.806,0.539,0.992
"s3.data.gz",0.575,0.69,0.257,0.548,0.636,0.47,0.688,0.699,0.574,0.467,0.966
"s4.data.gz",0.604,0.62,0.257,0.468,0.546,0.438,0.618,0.585,0.512,0.38,0.955
"spiral.data.gz",0.517,1,1,0.338,0.357,0.346,0.337,0.337,0.386,0.387,0.554
"unbalance.data.gz",0.632,0.73,0.999,0.775,1,0.775,1,1,1,0.775,1
"cross.data.gz",0.6,0.624,0.498,0.597,0.49,0.475,0.455,0.44,0.495,0.476,0.625
"smile.data.gz",0.587,1,1,0.647,0.69,0.624,0.583,0.594,0.713,0.626,0.794
"twosplashes.data.gz",0.591,0.751,0.701,0.609,0.69,0.602,0.607,0.602,0.69,0.639,0.64
"x1.data.gz",0.725,1,1,1,1,1,1,1,1,1,1
"x2.data.gz",0.636,0.795,0.571,0.551,0.587,0.51,0.783,0.543,0.597,0.557,0.86
"x3.data.gz",0.706,0.671,0.512,0.806,0.679,0.656,0.915,0.903,0.729,0.569,0.958
"z1.data.gz",0.466,0.612,0.537,0.457,0.511,0.474,0.466,0.464,0.516,0.487,0.656
"z2.data.gz",0.706,0.764,0.857,0.623,0.676,0.594,0.644,0.612,0.776,0.698,0.754
"z3.data.gz",0.792,0.773,0.842,0.954,0.998,0.957,0.997,1,1,0.997,0.999
