"","Spectral_Clustering","genie","hclust-single ","hclust-complete","hclust-average","hclust-mcquitty","hclust-ward.D","hclust-ward.D2","hclust-centorid","hclust-median","PAM"
"1",0,0,0,0,0,0,0,0,0,0,0
"atom.data.gz",0.213206019358984,1,1,0.0835311928893039,0.0986262181864304,0.213206019358984,1,0.0986262181864304,0.00345482120298864,0.000125160337236546,0.0909220123718278
"chainlink.data.gz",-0.00089853003741977,1,1,0.313045485364763,0.271921713666508,0.401437099290508,0.393861218345852,0.280338750671319,0.203746306782653,0.288884107635801,0.0867055359259768
"engytime.data.gz",0.235862561262015,0.812417278543569,4.76953829320432e-07,0.040580394647764,0.0510138263427429,0.031860269191981,0.753648829625393,0.718453372593081,0.000207476290326673,0.0231286854183281,0.816825355986112
"hepta.data.gz",0.807454325729579,1,1,1,1,1,1,1,1,1,1
"lsun.data.gz",0.554313224259791,1,1,0.404612960951958,0.361088530751963,0.306506365287466,0.365942783786675,0.368821683534485,0.71078799809729,0.471261113503063,0.613416495223648
"target.data.gz",0.339047223764683,0.429111481622092,1,0.206684299672276,0.145592188215709,0.2994010586115,0.638944916832706,0.638779120247275,0.0896137405917904,0.254884980283969,0.635632947264512
"tetra.data.gz",0.755539010905682,1,-2.50632847941079e-05,0.986700900040098,0.993316527220373,1,1,0.967267633008765,0.967267633008765,0.671340691289061,1
"twodiamonds.data.gz",0.396247811622292,0.975125122351754,0,0.965262787453974,0.99499999220708,0.99499999220708,1,1,0.99499999220708,0.647600720529576,1
"wingnut.data.gz",1,1,1,1,1,1,1,0.601147745194899,1,0.559134973827124,0.756797405606646
"dense.data.gz",0.149416172939642,0.960200080403878,0.000603194214965435,0.257263792744253,0.921204677133922,0.00422397315966757,1,0.921204677133922,0.921204677133922,0.921204677133922,0.845629232186434
"fuzzyx.data.gz",0.430169321613903,0.340145739043006,-0.000126032393557203,0.653715362084362,0.742600227432063,0.614908373851101,0.693772258917531,0.636985969454972,0.269604177835202,0.565879545976443,0.608846572373787
"line.data.gz",0.164296890944962,1,1,-0.0709960601813904,-0.066108799452802,-0.0167037861915367,-0.0635571501793952,-0.10430674209853,-0.066108799452802,-0.077783803009895,-0.0130077736933263
"parabolic.data.gz",0.636440196513185,0.813418507363336,6.50408440175961e-05,0.589417226013762,0.598675008563865,0.601783299497684,0.391283195381691,0.62056734115113,0.509315511139113,0.688589917433366,0.586342094406487
"ring.data.gz",1,1,1,0.209204953022225,0.113745642940336,0.159461516887696,0.150011837641566,0.11646250093161,0.0285974941746124,0.0396539293439076,0.136378628579476
"zigzag.data.gz",0.4616630060022,1,1,0.130128486486657,0.129193352351804,0.132361508171249,0.141695758759004,0.141695758759004,0.182460284738622,0.142996944339039,0.182904650834697
"iris.data.gz",0.425179562776401,0.885792100198963,0.563751020523071,0.64225125183629,0.759198707107152,0.745503868180448,0.759198707107152,0.731198556770774,0.563751020523071,0.744526430873875,0.73023827228347
"iris5.data.gz",0.658160816826358,0.593773465026281,0.148461400035991,0.337008100464938,0.557788863596003,0.532204414877533,0.557788863596003,0.506368964014143,0.148461400035991,0.53125189377871,0.304505381578236
"square.data.gz",0.261580867821456,1,1,0.167556787056539,0.151566735488702,0.220338784404269,0.00425885181585891,0.253452551720477,0.184348802679368,0.218463095892533,0.00606465147019506
"a1.data.gz",0.388880624081498,0.89883586421565,0.443571022838663,0.916228429500943,0.925094310320662,0.804022108002675,0.920056571616274,0.914155302040047,0.865927332072551,0.667845901788496,0.963653794078049
"a2.data.gz",0.542576445797989,0.92242699394991,0.347756577821598,0.908415480526077,0.9337253051435,0.856877771148774,0.932131873010406,0.922256653591378,0.814850049341863,0.624873988507861,0.965016294583003
"a3.data.gz",0.292770678599689,0.938654515822145,0.315389079638147,0.917855629735215,0.943526692367395,0.849599272210285,0.947363821495965,0.937376282157567,0.843265365529763,0.641809954603713,0.970025147669109
"aggregation.data.gz",0.737598480483342,0.56554441952953,0.804206968396706,0.774420011803794,1,0.682501856877056,0.794400210319633,0.813313738284151,0.976114030895948,0.949326364020144,0.771545408236924
"compound.data.gz",0.517590186522183,0.541257173663871,0.742480944868768,0.792878140468533,0.803025623308763,0.816971510641043,0.557139877739383,0.550577150918278,0.79912283559656,0.772920393221094,0.513962867803804
"d31.data.gz",0.585916143765923,0.899570181045957,0.173902194467533,0.923790023974218,0.906891828846128,0.775373311035175,0.915923798792888,0.920135363947606,0.840146147889738,0.601606654171475,0.953508203262771
"flame.data.gz",0.950144986145664,1,0.0127504301311393,-0.0422301552686084,0.442150650455405,0.409345691109965,0.367002969639417,0.187244070906317,0.0127504301311393,0.418975946289294,0.487955788162601
"jain.data.gz",-0.0175436599045449,1,0.256288512074381,0.779194020923121,0.779194020923121,0.514616982682244,0.514616982682244,0.514616982682244,0.768446889848748,0.476598526065278,0.260678954073535
"pathbased.data.gz",0.18486214759562,0.613272308050801,0.000519521798686052,0.345520724742111,0.443642303528723,0.355175449510833,0.424384828542033,0.484740691972538,0.425268395370624,0.162262622430353,0.458211311427712
"r15.data.gz",0.519907425341946,0.985650095985955,0.542457378402647,0.978524258898896,0.989259995246671,0.975057533608047,0.981995500820557,0.981995500820557,0.982133301049403,0.772031365115187,0.99277819941363
"s1.data.gz",0.78781390247591,0.987993465874293,0.463522341495289,0.971062167115048,0.981599047547291,0.801684641060835,0.981196412056862,0.983335663870517,0.980547432716824,0.648208674035196,0.985531676980461
"s2.data.gz",0.749087509189143,0.915229034538748,-2.04511922463677e-05,0.790872518551814,0.912602074550962,0.67863653910799,0.899655350031695,0.905749613430515,0.77930808676527,0.481035979925642,0.939427144668955
"s3.data.gz",0.623090899440323,0.665104198267615,-1.34053616851751e-05,0.509250385401546,0.595741220700183,0.418929461229187,0.66490476410139,0.677113293406452,0.49391887766102,0.406798291850875,0.72996080255256
"s4.data.gz",0.519780486682326,0.590911069740441,4.64836386249092e-05,0.417118713915594,0.492565817388555,0.371297005957674,0.59004071416877,0.553228786368962,0.429642124766024,0.284321370238174,0.635812394537776
"spiral.data.gz",0.158402011799466,1,1,0.00184103769941931,-0.00225812816618304,0.00171002244128603,0.00817237930671504,-0.000880516199425796,0.00895854474288207,0.00200884779815672,-0.00550048866897031
"unbalance.data.gz",0.690376290885532,0.623750737529922,0.998827631863184,0.612466342912506,1,0.612735494359253,0.999976887161302,0.999976887161302,0.999976887161302,0.612735494359253,1
"cross.data.gz",0.297329834793037,0.463351540403616,4.0193982920515e-06,0.358730732110167,0.00133870543728866,0.0449260716347448,0.153652130670546,0.0724606520881393,0.000234252685068158,0.00613850128556951,0.20016119964714
"smile.data.gz",0.295202478985228,1,1,0.499293559824069,0.574631216936805,0.484454714102284,0.43921376369561,0.452140369698835,0.604757770398608,0.480915766526699,0.441095631531727
"twosplashes.data.gz",0.1349826532796,0.502854020100503,0.000150387162350268,0.218952078228183,0.00225619042247157,0.191647189790072,0.214264057121504,0.191647189790072,0.00225619042247157,0.279093216080402,0.279093216080402
"x1.data.gz",0.572601334017445,1,1,1,1,1,1,1,1,1,1
"x2.data.gz",0.689580588026306,0.688287234237034,-0.0069225779607647,0.209054806135108,0.250165848931435,-0.00751194184700119,0.668918384499652,0.190596523059689,0.271307635344954,-0.00670150756012656,0.688287234237034
"x3.data.gz",0.623710707889139,0.496713148093008,0.00650154355989074,0.731980516745062,0.504547240137092,0.520858661590387,0.884442927429122,0.868901938912765,0.566646970995598,0.214715019733413,0.890805490382021
"z1.data.gz",0.105896699579088,0.394419784400761,0.00702617007731542,0.180822463280268,0.213593840351075,0.200246931899682,0.201525590551181,0.183566504358037,0.0471332555046608,0.199346169073291,0.223306496471418
"z2.data.gz",0.631617052375102,0.632896042725747,0.734711407599505,0.441388297493468,0.511529995333818,0.385994207530666,0.476674738813737,0.434180840289336,0.57437111650907,0.523076518042705,0.425166406989004
"z3.data.gz",0.713412614871863,0.664112252140108,0.73869222959752,0.933199091926119,0.997617794691025,0.939522341918026,0.995251534149178,1,1,0.995251534149178,0.997617794691025
